51
133
50 40 0
50 28 0
50 25 0
50 14 0
50 7 0
49 48 32
49 46 35
49 38 45
49 33 20
48 46 15
48 45 33
48 11 44
47 44 26
47 43 15
47 42 36
47 11 33
46 45 30
46 40 28
46 39 20
46 33 30
45 43 30
45 41 23
45 40 20
45 11 21
44 42 24
43 42 34
43 41 14
43 34 37
43 11 35
42 34 20
42 27 26
41 40 27
41 35 30
41 34 25
40 39 40
40 36 30
40 35 35
39 37 30
39 36 25
39 33 25
38 37 25
38 33 23
38 31 40
38 26 55
37 36 28
37 33 35
37 31 35
37 30 30
37 25 50
36 35 43
36 30 33
36 29 37
35 34 33
35 29 30
35 28 25
34 28 30
34 27 25
32 23 30
32 21 26
32 18 15
32 17 15
32 8 32
32 7 30
31 26 20
31 25 21
30 29 35
30 25 30
29 28 42
29 24 15
29 23 32
29 18 40
28 27 43
28 22 30
28 23 18
28 17 38
27 22 35
27 16 50
26 25 30
26 20 30
26 19 40
25 24 25
25 19 25
24 21 45
24 19 35
24 18 30
23 18 30
23 17 25
22 17 28
22 16 35
21 19 30
21 18 20
21 14 16
21 8 35
21 3 20
20 19 30
20 15 25
20 14 35
20 13 40
19 14 23
17 16 30
17 7 20
16 7 25
16 4 40
15 14 36
15 13 28
15 12 30
14 12 22
14 3 15
13 10 28
12 10 22
12 3 23
12 2 27
10 2 35
9 8 16
9 6 21
9 3 31
9 2 20
9 0 25
8 7 35
8 6 25
8 5 30
8 3 15
7 5 15
7 4 31
6 5 20
6 1 18
6 0 17
5 4 20
5 1 13
4 1 25
3 2 15
2 0 30
1 0 33